param n:= 32; 
param m:= 4; 
param t_max:= 18.8; 
param: utility:= 
0 0
1 10
2 10
3 10
4 10
5 5
6 5
7 5
8 5
9 10
10 10
11 10
12 5
13 10
14 15
15 15
16 10
17 5
18 5
19 5
20 10
21 10
22 10
23 15
24 15
25 15
26 10
27 10
28 10
29 10
30 10
31 0
; 
param time: 0 1 2 3 4 5 6 7 8 9 10 11 12 13 14 15 16 17 18 19 20 21 22 23 24 25 26 27 28 29 30 31 := 
0  0.0 7.65 7.88 7.87 5.96 4.56 5.9 6.81 5.7 7.64 8.09 6.31 3.91 9.94 7.75 9.65 5.28 2.56 3.28 4.32 6.02 7.71 9.43 12.01 10.09 5.96 3.76 1.79 5.91 7.18 5.44 0.76 
1  7.65 0.0 2.62 6.77 5.55 4.11 3.11 2.48 3.61 4.16 5.23 6.38 3.75 11.52 11.32 14.59 11.8 7.67 7.01 8.38 7.68 9.96 11.46 13.14 13.34 10.58 9.47 9.39 13.3 13.44 11.09 7.03 
2  7.88 2.62 0.0 4.39 3.7 3.4 2.0 4.88 5.66 6.67 7.75 8.5 4.47 9.26 9.55 13.0 10.97 7.02 8.3 9.82 9.62 11.96 13.57 15.45 15.27 12.07 10.56 9.4 12.89 14.52 12.3 7.14 
3  7.87 6.77 4.39 0.0 2.02 4.22 4.0 8.5 8.73 10.31 11.33 11.29 6.39 4.89 5.72 9.26 8.61 5.77 9.85 11.37 12.0 14.27 16.02 18.26 17.29 13.46 11.46 8.73 11.05 15.06 13.22 7.15 
4  5.96 5.55 3.7 2.02 0.0 2.26 2.47 6.87 6.91 8.63 9.6 9.36 4.44 6.06 5.87 9.3 7.6 4.12 7.82 9.35 10.01 12.26 14.01 16.29 15.26 11.45 9.48 7.0 9.8 13.14 11.24 5.22 
5  4.56 4.11 3.4 4.22 2.26 0.0 1.4 4.84 4.7 6.51 7.44 7.11 2.18 8.15 7.38 10.53 7.78 3.7 5.75 7.3 7.79 10.06 11.81 14.05 13.15 9.48 7.66 6.01 9.53 11.51 9.44 3.81 
6  5.9 3.11 2.0 4.0 2.47 1.4 0.0 4.5 4.78 6.3 7.32 7.47 2.83 8.52 8.22 11.53 9.1 5.07 6.67 8.22 8.38 10.71 12.4 14.49 13.92 10.45 8.78 7.41 10.92 12.7 10.55 5.16 
7  6.81 2.48 4.88 8.5 6.87 4.84 4.5 0.0 1.4 1.82 2.89 3.94 3.26 12.92 12.17 15.15 11.67 7.66 5.2 6.36 5.32 7.55 8.99 10.66 10.93 8.46 7.7 8.6 12.71 11.55 9.15 6.38 
8  5.7 3.61 5.66 8.73 6.91 4.7 4.78 1.4 0.0 2.02 2.79 2.84 2.69 12.84 11.76 14.54 10.77 6.91 3.81 4.96 4.08 6.38 7.93 9.81 9.75 7.09 6.3 7.46 11.6 10.15 7.75 5.37 
9  7.64 4.16 6.67 10.31 8.63 6.51 6.3 1.82 2.02 0.0 1.08 2.94 4.66 14.65 13.73 16.55 12.78 8.94 5.29 6.07 4.46 6.41 7.66 9.07 9.75 7.91 7.64 9.37 13.51 11.22 8.84 7.37 
10  8.09 5.23 7.75 11.33 9.6 7.44 7.32 2.89 2.79 1.08 0.0 2.55 5.48 15.59 14.55 17.27 13.32 9.62 5.41 5.91 4.01 5.7 6.8 8.06 8.97 7.53 7.58 9.76 13.87 10.93 8.59 7.91 
11  6.31 6.38 8.5 11.29 9.36 7.11 7.47 3.94 2.84 2.94 2.55 0.0 4.92 15.02 13.52 15.88 11.58 8.3 3.2 3.4 1.51 3.61 5.09 7.02 6.99 5.0 5.1 7.79 11.78 8.39 6.04 6.32 
12  3.91 3.75 4.47 6.39 4.44 2.18 2.83 3.26 2.69 4.66 5.48 4.92 0.0 10.2 9.08 11.92 8.44 4.39 3.86 5.4 5.64 7.94 9.66 11.87 11.1 7.64 6.09 5.66 9.66 10.07 7.83 3.32 
13  9.94 11.52 9.26 4.89 6.06 8.15 8.52 12.92 12.84 14.65 15.59 15.02 10.2 0.0 3.05 5.7 7.7 7.37 12.81 14.15 15.37 17.42 19.19 21.65 20.02 15.9 13.67 9.91 10.32 16.53 15.25 9.43 
14  7.75 11.32 9.55 5.72 5.87 7.38 8.22 12.17 11.76 13.73 14.55 13.52 9.08 3.05 0.0 3.54 4.68 5.3 10.9 12.07 13.6 15.45 17.18 19.74 17.76 13.58 11.33 7.34 7.28 13.82 12.78 7.4 
15  9.65 14.59 13.0 9.26 9.3 10.53 11.53 15.15 14.54 16.55 17.27 15.88 11.92 5.7 3.54 0.0 4.82 7.66 12.93 13.82 15.67 17.21 18.85 21.48 19.02 14.9 12.71 8.62 6.67 14.31 13.84 9.55 
16  5.28 11.8 10.97 8.61 7.6 7.78 9.1 11.67 10.77 12.78 13.32 11.58 8.44 7.7 4.68 4.82 0.0 4.13 8.47 9.17 11.17 12.51 14.12 16.75 14.21 10.1 7.94 3.93 2.64 9.58 9.02 5.42 
17  2.56 7.67 7.02 5.77 4.12 3.7 5.07 7.66 6.91 8.94 9.62 8.3 4.39 7.37 5.3 7.66 4.13 0.0 5.6 6.82 8.31 10.17 11.92 14.46 12.65 8.52 6.31 2.97 5.87 9.48 7.94 2.11 
18  3.28 7.01 8.3 9.85 7.82 5.75 6.67 5.2 3.81 5.29 5.41 3.2 3.86 12.81 10.9 12.93 8.47 5.6 0.0 1.56 2.75 4.61 6.38 8.87 7.44 3.78 2.5 4.61 8.58 6.43 4.08 3.5 
19  4.32 8.38 9.82 11.37 9.35 7.3 8.22 6.36 4.96 6.07 5.91 3.4 5.4 14.15 12.07 13.82 9.17 6.82 1.56 0.0 2.26 3.4 5.12 7.7 5.95 2.25 1.72 5.24 8.83 5.2 2.8 4.73 
20  6.02 7.68 9.62 12.0 10.01 7.79 8.38 5.32 4.08 4.46 4.01 1.51 5.64 15.37 13.6 15.67 11.17 8.31 2.75 2.26 0.0 2.34 4.03 6.31 5.67 3.52 3.97 7.26 11.04 6.94 4.65 6.22 
21  7.71 9.96 11.96 14.27 12.26 10.06 10.71 7.55 6.38 6.41 5.7 3.61 7.94 17.42 15.45 17.21 12.51 10.17 4.61 3.4 2.34 0.0 1.77 4.3 3.38 2.97 4.65 8.6 11.92 6.19 4.39 8.06 
22  9.43 11.46 13.57 16.02 14.01 11.81 12.4 8.99 7.93 7.66 6.8 5.09 9.66 19.19 17.18 18.85 14.12 11.92 6.38 5.12 4.03 1.77 0.0 2.63 2.31 4.18 6.18 10.23 13.35 6.86 5.55 9.82 
23  12.01 13.14 15.45 18.26 16.29 14.05 14.49 10.66 9.81 9.07 8.06 7.02 11.87 21.65 19.74 21.48 16.75 14.46 8.87 7.7 6.31 4.3 2.63 0.0 3.61 6.77 8.81 12.86 15.95 9.13 8.1 12.35 
24  10.09 13.34 15.27 17.29 15.26 13.15 13.92 10.93 9.75 9.75 8.97 6.99 11.1 20.02 17.76 19.02 14.21 12.65 7.44 5.95 5.67 3.38 2.31 3.61 0.0 4.18 6.43 10.51 13.02 5.68 5.2 10.6 
25  5.96 10.58 12.07 13.46 11.45 9.48 10.45 8.46 7.09 7.91 7.53 5.0 7.64 15.9 13.58 14.9 10.1 8.52 3.78 2.25 3.52 2.97 4.18 6.77 4.18 0.0 2.26 6.34 9.18 3.45 1.42 6.53 
26  3.76 9.47 10.56 11.46 9.48 7.66 8.78 7.7 6.3 7.64 7.58 5.1 6.09 13.67 11.33 12.71 7.94 6.31 2.5 1.72 3.97 4.65 6.18 8.81 6.43 2.26 0.0 4.1 7.29 3.98 1.78 4.38 
27  1.79 9.39 9.4 8.73 7.0 6.01 7.41 8.6 7.46 9.37 9.76 7.79 5.66 9.91 7.34 8.62 3.93 2.97 4.61 5.24 7.26 8.6 10.23 12.86 10.51 6.34 4.1 0.0 4.14 6.64 5.44 2.35 
28  5.91 13.3 12.89 11.05 9.8 9.53 10.92 12.71 11.6 13.51 13.87 11.78 9.66 10.32 7.28 6.67 2.64 5.87 8.58 8.83 11.04 11.92 13.35 15.95 13.02 9.18 7.29 4.14 0.0 7.83 7.89 6.35 
29  7.18 13.44 14.52 15.06 13.14 11.51 12.7 11.55 10.15 11.22 10.93 8.39 10.07 16.53 13.82 14.31 9.58 9.48 6.43 5.2 6.94 6.19 6.86 9.13 5.68 3.45 3.98 6.64 7.83 0.0 2.4 7.92 
30  5.44 11.09 12.3 13.22 11.24 9.44 10.55 9.15 7.75 8.84 8.59 6.04 7.83 15.25 12.78 13.84 9.02 7.94 4.08 2.8 4.65 4.39 5.55 8.1 5.2 1.42 1.78 5.44 7.89 2.4 0.0 6.11 
31  0.76 7.03 7.14 7.15 5.22 3.81 5.16 6.38 5.37 7.37 7.91 6.32 3.32 9.43 7.4 9.55 5.42 2.11 3.5 4.73 6.22 8.06 9.82 12.35 10.6 6.53 4.38 2.35 6.35 7.92 6.11 0.0 
; 
