param n:= 32; 
param m:= 4; 
param t_max:= 16.2; 
param: utility:= 
0 0
1 10
2 10
3 10
4 10
5 5
6 5
7 5
8 5
9 10
10 10
11 10
12 5
13 10
14 15
15 15
16 10
17 5
18 5
19 5
20 10
21 10
22 10
23 15
24 15
25 15
26 10
27 10
28 10
29 10
30 10
31 0
; 
param time: 0 1 2 3 4 5 6 7 8 9 10 11 12 13 14 15 16 17 18 19 20 21 22 23 24 25 26 27 28 29 30 31 := 
0  0.0 7.648529 7.877182 7.874643 5.964059 4.560702 5.903389 6.809552 5.700877 7.641989 8.091971 6.307139 3.905125 9.9368 7.752419 9.654015 5.283938 2.563201 3.275668 4.318565 6.020797 7.705842 9.433981 12.006665 10.088112 5.961543 3.758989 1.788854 5.907622 7.18401 5.440588 0.761577 
1  7.648529 0.0 2.61725 6.768309 5.547071 4.110961 3.106445 2.483948 3.605551 4.159327 5.23259 6.378087 3.748333 11.516944 11.322544 14.591093 11.799153 7.666159 7.00928 8.381527 7.6844 9.963935 11.458621 13.140015 13.34054 10.584895 9.472592 9.38616 13.296616 13.439122 11.086027 7.034202 
2  7.877182 2.61725 0.0 4.386342 3.701351 3.40147 2.0 4.88467 5.661272 6.67308 7.749194 8.5 4.472136 9.25905 9.548298 12.995769 10.973149 7.021396 8.300602 9.81835 9.620811 11.960351 13.572398 15.454773 15.274161 12.065239 10.560303 9.404786 12.889143 14.523085 12.298374 7.144928 
3  7.874643 6.768309 4.386342 0.0 2.024846 4.215448 4.004997 8.500588 8.729834 10.307764 11.328283 11.292918 6.390618 4.88774 5.724509 9.25905 8.614523 5.770615 9.847842 11.371895 12.001667 14.266394 16.015305 18.258423 17.288725 13.462912 11.462984 8.732125 11.047624 15.057224 13.224598 7.150524 
4  5.964059 5.547071 3.701351 2.024846 0.0 2.256103 2.469818 6.873136 6.911584 8.628441 9.604686 9.362158 4.438468 6.063827 5.872819 9.295698 7.595393 4.123106 7.823043 9.347727 10.008996 12.257651 14.011781 16.286497 15.264338 11.447707 9.475231 7.000714 9.80051 13.140015 11.244999 5.220153 
5  4.560702 4.110961 3.40147 4.215448 2.256103 0.0 1.403567 4.838388 4.701064 6.511528 7.443118 7.106335 2.184033 8.149847 7.382412 10.526158 7.782031 3.7 5.748913 7.3 7.787811 10.06479 11.806778 14.04564 13.148764 9.475231 7.66094 6.013319 9.534149 11.51043 9.440339 3.807887 
6  5.903389 3.106445 2.0 4.004997 2.469818 1.403567 0.0 4.501111 4.780167 6.303174 7.324616 7.473286 2.828427 8.516455 8.220097 11.527793 9.1 5.069517 6.670832 8.221922 8.376157 10.707474 12.402016 14.493102 13.917615 10.448445 8.781799 7.406079 10.923827 12.701181 10.547512 5.162364 
7  6.809552 2.483948 4.88467 8.500588 6.873136 4.838388 4.501111 0.0 1.403567 1.824829 2.886174 3.940812 3.264966 12.924782 12.174153 15.147607 11.672618 7.657676 5.203845 6.363961 5.323533 7.545197 8.993887 10.660675 10.928861 8.464632 7.700649 8.595929 12.709445 11.552489 9.15478 6.382006 
8  5.700877 3.605551 5.661272 8.729834 6.911584 4.701064 4.780167 1.403567 0.0 2.024846 2.789265 2.842534 2.692582 12.839003 11.764353 14.536162 10.771258 6.911584 3.811824 4.964877 4.080441 6.378087 7.930952 9.811218 9.745255 7.088018 6.303174 7.463243 11.601724 10.149384 7.752419 5.374012 
9  7.641989 4.159327 6.67308 10.307764 8.628441 6.511528 6.303174 1.824829 2.024846 0.0 1.077033 2.942788 4.661545 14.65128 13.72953 16.552945 12.778106 8.935883 5.292447 6.067125 4.455334 6.407808 7.655064 9.068627 9.749359 7.905694 7.640026 9.3723 13.509256 11.221854 8.836289 7.366139 
10  8.091971 5.23259 7.749194 11.328283 9.604686 7.443118 7.324616 2.886174 2.789265 1.077033 0.0 2.54951 5.481788 15.592947 14.549914 17.266152 13.322162 9.615092 5.408327 5.913544 4.011234 5.700877 6.8 8.062258 8.969392 7.532596 7.576939 9.759098 13.865785 10.932978 8.590693 7.905694 
11  6.307139 6.378087 8.5 11.292918 9.362158 7.106335 7.473286 3.940812 2.842534 2.942788 2.54951 0.0 4.924429 15.021318 13.520355 15.875138 11.583609 8.29759 3.201562 3.40147 1.513275 3.605551 5.093133 7.021396 6.989278 5.003998 5.1 7.793587 11.779643 8.386298 6.041523 6.324555 
12  3.905125 3.748333 4.472136 6.390618 4.438468 2.184033 2.828427 3.264966 2.692582 4.661545 5.481788 4.924429 0.0 10.204411 9.075792 11.920151 8.438602 4.393177 3.860052 5.403702 5.635601 7.940403 9.664885 11.868024 11.104053 7.640026 6.092618 5.661272 9.660745 10.065784 7.826238 3.324154 
13  9.9368 11.516944 9.25905 4.88774 6.063827 8.149847 8.516455 12.924782 12.839003 14.65128 15.592947 15.021318 10.204411 0.0 3.052868 5.700877 7.700649 7.373602 12.809762 14.148145 15.373028 17.419529 19.188017 21.654099 20.019241 15.895911 13.669309 9.912618 10.32279 16.530275 15.250574 9.425497 
14  7.752419 11.322544 9.548298 5.724509 5.872819 7.382412 8.220097 12.174153 11.764353 13.72953 14.549914 13.520355 9.075792 3.052868 0.0 3.535534 4.675468 5.3 10.901835 12.070211 13.603308 15.446682 17.184295 19.742847 17.756407 13.582341 11.326518 7.338937 7.28011 13.823531 12.775758 7.402702 
15  9.654015 14.591093 12.995769 9.25905 9.295698 10.526158 11.527793 15.147607 14.536162 16.552945 17.266152 15.875138 11.920151 5.700877 3.535534 0.0 4.816638 7.655717 12.929424 13.817742 15.673226 17.205232 18.852056 21.475568 19.021304 14.900336 12.706298 8.620905 6.670832 14.309787 13.836184 9.550916 
16  5.283938 11.799153 10.973149 8.614523 7.595393 7.782031 9.1 11.672618 10.771258 12.778106 13.322162 11.583609 8.438602 7.700649 4.675468 4.816638 0.0 4.134005 8.469357 9.167879 11.166468 12.513193 14.11524 16.745149 14.2088 10.104454 7.940403 3.929377 2.641969 9.581753 9.019978 5.420332 
17  2.563201 7.666159 7.021396 5.770615 4.123106 3.7 5.069517 7.657676 6.911584 8.935883 9.615092 8.29759 4.393177 7.373602 5.3 7.655717 4.134005 0.0 5.60357 6.824954 8.30542 10.171037 11.921829 14.458561 12.649111 8.523497 6.307139 2.968164 5.869412 9.479451 7.940403 2.109502 
18  3.275668 7.00928 8.300602 9.847842 7.823043 5.748913 6.670832 5.203845 3.811824 5.292447 5.408327 3.201562 3.860052 12.809762 10.901835 12.929424 8.469357 5.60357 0.0 1.555635 2.745906 4.609772 6.378871 8.868484 7.443118 3.780212 2.501999 4.614109 8.579627 6.432729 4.080441 3.5 
19  4.318565 8.381527 9.81835 11.371895 9.347727 7.3 8.221922 6.363961 4.964877 6.067125 5.913544 3.40147 5.403702 14.148145 12.070211 13.817742 9.167879 6.824954 1.555635 0.0 2.262742 3.40147 5.115662 7.7 5.948109 2.247221 1.720465 5.239275 8.832327 5.203845 2.801785 4.729693 
20  6.020797 7.6844 9.620811 12.001667 10.008996 7.787811 8.376157 5.323533 4.080441 4.455334 4.011234 1.513275 5.635601 15.373028 13.603308 15.673226 11.166468 8.30542 2.745906 2.262742 0.0 2.343075 4.031129 6.306346 5.672742 3.522783 3.969887 7.261543 11.038569 6.942622 4.648656 6.220129 
21  7.705842 9.963935 11.960351 14.266394 12.257651 10.06479 10.707474 7.545197 6.378087 6.407808 5.700877 3.605551 7.940403 17.419529 15.446682 17.205232 12.513193 10.171037 4.609772 3.40147 2.343075 0.0 1.772005 4.301163 3.383785 2.973214 4.648656 8.598837 11.923087 6.191123 4.393177 8.062258 
22  9.433981 11.458621 13.572398 16.015305 14.011781 11.806778 12.402016 8.993887 7.930952 7.655064 6.8 5.093133 9.664885 19.188017 17.184295 18.852056 14.11524 11.921829 6.378871 5.115662 4.031129 1.772005 0.0 2.630589 2.308679 4.178516 6.181424 10.231324 13.345411 6.8593 5.54617 9.815294 
23  12.006665 13.140015 15.454773 18.258423 16.286497 14.04564 14.493102 10.660675 9.811218 9.068627 8.062258 7.021396 11.868024 21.654099 19.742847 21.475568 16.745149 14.458561 8.868484 7.7 6.306346 4.301163 2.630589 0.0 3.612478 6.772001 8.811924 12.856127 15.948041 9.126336 8.099383 12.349089 
24  10.088112 13.34054 15.274161 17.288725 15.264338 13.148764 13.917615 10.928861 9.745255 9.749359 8.969392 6.989278 11.104053 20.019241 17.756407 19.021304 14.2088 12.649111 7.443118 5.948109 5.672742 3.383785 2.308679 3.612478 0.0 4.17732 6.432729 10.507616 13.024976 5.679789 5.200961 10.604244 
25  5.961543 10.584895 12.065239 13.462912 11.447707 9.475231 10.448445 8.464632 7.088018 7.905694 7.532596 5.003998 7.640026 15.895911 13.582341 14.900336 10.104454 8.523497 3.780212 2.247221 3.522783 2.973214 4.178516 6.772001 4.17732 0.0 2.256103 6.33877 9.176056 3.448188 1.421267 6.529931 
26  3.758989 9.472592 10.560303 11.462984 9.475231 7.66094 8.781799 7.700649 6.303174 7.640026 7.576939 5.1 6.092618 13.669309 11.326518 12.706298 7.940403 6.307139 2.501999 1.720465 3.969887 4.648656 6.181424 8.811924 6.432729 2.256103 0.0 4.104875 7.291776 3.984972 1.780449 4.382921 
27  1.788854 9.38616 9.404786 8.732125 7.000714 6.013319 7.406079 8.595929 7.463243 9.3723 9.759098 7.793587 5.661272 9.912618 7.338937 8.620905 3.929377 2.968164 4.614109 5.239275 7.261543 8.598837 10.231324 12.856127 10.507616 6.33877 4.104875 0.0 4.140048 6.64003 5.440588 2.35372 
28  5.907622 13.296616 12.889143 11.047624 9.80051 9.534149 10.923827 12.709445 11.601724 13.509256 13.865785 11.779643 9.660745 10.32279 7.28011 6.670832 2.641969 5.869412 8.579627 8.832327 11.038569 11.923087 13.345411 15.948041 13.024976 9.176056 7.291776 4.140048 0.0 7.831347 7.88543 6.352952 
29  7.18401 13.439122 14.523085 15.057224 13.140015 11.51043 12.701181 11.552489 10.149384 11.221854 10.932978 8.386298 10.065784 16.530275 13.823531 14.309787 9.581753 9.479451 6.432729 5.203845 6.942622 6.191123 6.8593 9.126336 5.679789 3.448188 3.984972 6.64003 7.831347 0.0 2.402082 7.920227 
30  5.440588 11.086027 12.298374 13.224598 11.244999 9.440339 10.547512 9.15478 7.752419 8.836289 8.590693 6.041523 7.826238 15.250574 12.775758 13.836184 9.019978 7.940403 4.080441 2.801785 4.648656 4.393177 5.54617 8.099383 5.200961 1.421267 1.780449 5.440588 7.88543 2.402082 0.0 6.107373 
31  0.761577 7.034202 7.144928 7.150524 5.220153 3.807887 5.162364 6.382006 5.374012 7.366139 7.905694 6.324555 3.324154 9.425497 7.402702 9.550916 5.420332 2.109502 3.5 4.729693 6.220129 8.062258 9.815294 12.349089 10.604244 6.529931 4.382921 2.35372 6.352952 7.920227 6.107373 0.0 
; 
