param n:= 21; 
param m:= 4; 
param t_max:= 9.5; 
param: utility:= 
0 0
1 20
2 20
3 30
4 15
5 15
6 10
7 20
8 20
9 20
10 15
11 10
12 10
13 25
14 40
15 40
16 30
17 30
18 50
19 30
20 0
; 
param time: 0 1 2 3 4 5 6 7 8 9 10 11 12 13 14 15 16 17 18 19 20 := 
0  0.0 4.44 5.2 7.42 3.49 2.92 1.32 5.04 4.99 3.29 1.88 1.36 1.24 2.47 10.98 11.86 9.26 10.61 12.68 9.7 1.55 
1  4.44 0.0 1.58 4.1 2.73 2.72 3.27 2.14 3.49 3.77 3.55 3.21 4.6 5.69 8.28 8.85 5.92 6.4 8.32 5.49 5.84 
2  5.2 1.58 0.0 2.56 2.33 2.66 3.9 3.64 5.06 5.26 4.79 4.22 5.68 6.89 9.43 9.88 6.92 6.7 8.26 4.51 6.73 
3  7.42 4.1 2.56 0.0 4.02 4.55 6.11 5.99 7.5 7.82 7.29 6.63 8.08 9.35 11.07 11.3 8.43 7.21 8.07 3.14 8.97 
4  3.49 2.73 2.33 4.02 0.0 0.58 2.25 4.65 5.62 4.97 3.92 3.04 4.36 5.7 10.96 11.58 8.65 8.91 10.58 6.67 5.03 
5  2.92 2.72 2.66 4.55 0.58 0.0 1.66 4.46 5.3 4.49 3.38 2.48 3.78 5.12 10.82 11.48 8.59 9.06 10.82 7.1 4.46 
6  1.32 3.27 3.9 6.11 2.25 1.66 0.0 4.28 4.62 3.31 1.96 1.02 2.13 3.47 10.51 11.3 8.56 9.6 11.58 8.41 2.86 
7  5.04 2.14 3.64 5.99 4.65 4.46 4.28 0.0 1.56 2.8 3.44 3.69 4.65 5.32 6.36 7.07 4.28 5.72 7.98 6.58 6.08 
8  4.99 3.49 5.06 7.5 5.62 5.3 4.62 1.56 0.0 1.94 3.14 3.76 4.24 4.52 5.99 6.89 4.49 6.66 9.03 8.11 5.66 
9  3.29 3.77 5.26 7.82 4.97 4.49 3.31 2.8 1.94 0.0 1.43 2.3 2.36 2.6 7.82 8.77 6.44 8.44 10.75 9.11 3.75 
10  1.88 3.55 4.79 7.29 3.92 3.38 1.96 3.44 3.14 1.43 0.0 0.95 1.21 2.14 9.13 10.03 7.52 9.15 11.36 9.04 2.64 
11  1.36 3.21 4.22 6.63 3.04 2.48 1.02 3.69 3.76 2.3 0.95 0.0 1.46 2.73 9.72 10.57 7.92 9.26 11.37 8.63 2.63 
12  1.24 4.6 5.68 8.08 4.36 3.78 2.13 4.65 4.24 2.36 1.21 1.46 0.0 1.35 10.18 11.12 8.68 10.36 12.56 10.06 1.44 
13  2.47 5.69 6.89 9.35 5.7 5.12 3.47 5.32 4.52 2.6 2.14 2.73 1.35 0.0 10.18 11.19 9.0 11.02 13.3 11.18 1.71 
14  10.98 8.28 9.43 11.07 10.96 10.82 10.51 6.36 5.99 7.82 9.13 9.72 10.18 10.18 0.0 1.14 2.65 5.26 7.14 9.82 11.56 
15  11.86 8.85 9.88 11.3 11.58 11.48 11.3 7.07 6.89 8.77 10.03 10.57 11.12 11.19 1.14 0.0 2.96 4.92 6.51 9.75 12.52 
16  9.26 5.92 6.92 8.43 8.65 8.59 8.56 4.28 4.49 6.44 7.52 7.92 8.68 9.0 2.65 2.96 0.0 3.18 5.47 7.24 10.12 
17  10.61 6.4 6.7 7.21 8.91 9.06 9.6 5.72 6.66 8.44 9.15 9.26 10.36 11.02 5.26 4.92 3.18 0.0 2.41 5.02 11.78 
18  12.68 8.32 8.26 8.07 10.58 10.82 11.58 7.98 9.03 10.75 11.36 11.37 12.56 13.3 7.14 6.51 5.47 2.41 0.0 5.2 13.95 
19  9.7 5.49 4.51 3.14 6.67 7.1 8.41 6.58 8.11 9.11 9.04 8.63 10.06 11.18 9.82 9.75 7.24 5.02 5.2 0.0 11.2 
20  1.55 5.84 6.73 8.97 5.03 4.46 2.86 6.08 5.66 3.75 2.64 2.63 1.44 1.71 11.56 12.52 10.12 11.78 13.95 11.2 0.0 
; 
