param n:= 33; 
param m:= 4; 
param t_max:= 25.0; 
param: utility:= 
0 0
1 20
2 20
3 20
4 20
5 20
6 20
7 20
8 30
9 30
10 30
11 30
12 30
13 30
14 40
15 40
16 40
17 40
18 40
19 50
20 50
21 50
22 10
23 10
24 10
25 10
26 10
27 10
28 20
29 20
30 20
31 10
32 0
; 
param time: 0 1 2 3 4 5 6 7 8 9 10 11 12 13 14 15 16 17 18 19 20 21 22 23 24 25 26 27 28 29 30 31 32 := 
0  0.0 6.53 5.98 4.39 4.22 6.99 4.04 6.82 8.05 9.33 10.11 9.5 8.67 4.02 11.41 12.32 10.22 14.03 16.76 8.18 16.9 2.25 1.49 0.57 3.4 4.24 1.95 4.75 6.51 5.7 8.93 3.45 0.95 
1  6.53 0.0 3.58 5.36 8.75 1.7 9.51 2.3 12.67 12.3 10.07 6.4 4.9 6.11 6.02 8.13 8.3 16.35 17.1 6.64 12.71 8.42 5.41 6.9 9.33 4.88 6.19 6.64 5.28 7.36 4.3 3.32 5.67 
2  5.98 3.58 0.0 2.5 6.3 2.36 7.43 5.72 13.66 14.12 12.91 9.84 2.69 3.4 5.6 6.37 5.12 18.55 20.02 3.21 11.01 7.06 4.5 6.07 9.35 6.79 4.62 3.61 8.1 9.37 7.87 4.49 5.52 
3  4.39 5.36 2.5 0.0 3.8 4.65 4.96 7.04 12.43 13.44 13.15 10.93 4.81 0.9 7.98 8.24 5.83 18.06 20.17 3.8 12.68 4.85 3.01 4.28 7.74 6.76 2.58 1.28 8.6 9.1 9.36 4.56 4.3 
4  4.22 8.75 6.3 3.8 0.0 8.35 1.42 9.93 11.34 13.22 14.33 13.3 8.45 2.9 11.71 11.57 8.38 17.92 20.94 6.71 15.68 2.72 3.96 3.7 6.44 8.27 2.86 2.89 10.48 9.92 12.24 6.73 4.89 
5  6.99 1.7 2.36 4.65 8.35 0.0 9.33 4.0 13.86 13.76 11.75 8.06 3.2 5.51 4.67 6.5 6.65 17.92 18.79 5.1 11.14 8.57 5.65 7.25 10.11 6.27 6.16 5.87 6.94 8.83 5.85 4.32 6.26 
6  4.04 9.51 7.43 4.96 1.42 9.33 0.0 10.42 10.32 12.45 14.02 13.48 9.73 4.08 12.94 12.94 9.8 17.1 20.4 8.1 17.09 1.97 4.29 3.47 5.51 8.27 3.34 4.22 10.54 9.59 12.68 7.08 4.88 
7  6.82 2.3 5.72 7.04 9.93 4.0 10.42 0.0 11.46 10.61 7.87 4.12 7.2 7.64 7.96 10.31 10.59 14.38 14.85 8.88 14.81 8.98 6.13 7.31 8.94 3.7 7.13 8.3 3.24 5.76 2.33 3.38 5.87 
8  8.05 12.67 13.66 12.43 11.34 13.86 10.32 11.46 0.0 3.28 7.83 11.12 16.3 12.05 18.53 19.99 18.25 7.17 11.59 16.2 24.66 8.63 9.44 8.26 4.92 7.85 9.97 12.76 8.7 5.85 12.36 9.55 8.22 
9  9.33 12.3 14.12 13.44 13.22 13.76 12.45 10.61 3.28 0.0 5.0 9.14 16.59 13.27 18.32 20.19 19.07 4.7 8.43 17.01 24.87 10.56 10.47 9.71 6.96 7.49 11.27 14.04 7.44 4.94 10.9 9.66 9.16 
10  10.11 10.07 12.91 13.15 14.33 11.75 14.02 7.87 7.83 5.0 0.0 4.88 14.91 13.32 15.8 18.17 18.03 6.97 7.11 16.1 22.68 12.06 10.66 10.65 9.33 6.4 11.72 14.12 4.84 4.43 7.18 8.64 9.49 
11  9.5 6.4 9.84 10.93 13.3 8.06 13.48 4.12 11.12 9.14 4.88 0.0 11.24 11.4 11.45 14.08 14.7 11.84 11.23 13.0 18.36 11.74 9.33 10.06 10.4 5.3 10.43 12.13 3.09 5.51 2.5 6.61 8.61 
12  8.67 4.9 2.69 4.81 8.45 3.2 9.73 7.2 16.3 16.59 14.91 11.24 0.0 5.66 3.3 3.69 3.62 20.91 21.98 2.69 8.36 9.62 7.18 8.74 12.04 9.14 7.21 5.57 10.08 11.74 8.94 6.94 8.2 
13  4.02 6.11 3.4 0.9 2.9 5.51 4.08 7.64 12.05 13.27 13.32 11.4 5.66 0.0 8.86 9.0 6.34 17.93 20.27 4.38 13.37 4.12 2.81 3.8 7.26 6.94 2.08 0.81 8.92 9.14 9.97 4.88 4.12 
14  11.41 6.02 5.6 7.98 11.71 4.67 12.94 7.96 18.53 18.32 15.8 11.45 3.3 8.86 0.0 2.94 5.82 22.32 22.64 5.77 6.91 12.65 9.97 11.58 14.67 10.87 10.21 8.85 11.18 13.38 8.96 8.99 10.79 
15  12.32 8.13 6.37 8.24 11.57 6.5 12.94 10.31 19.99 20.19 18.17 14.08 3.69 9.0 2.94 0.0 3.93 24.42 25.14 4.9 4.69 13.09 10.83 12.36 15.7 12.71 10.76 8.72 13.41 15.3 11.63 10.57 11.88 
16  10.22 8.3 5.12 5.83 8.38 6.65 9.8 10.59 18.25 19.07 18.03 14.7 3.62 6.34 5.82 3.93 0.0 23.59 25.13 2.06 7.34 10.4 8.81 10.1 13.56 11.89 8.38 5.8 13.21 14.44 12.49 9.57 10.06 
17  14.03 16.35 18.55 18.06 17.92 17.92 17.1 14.38 7.17 4.7 6.97 11.84 20.91 17.93 22.32 24.42 23.59 0.0 5.28 21.55 29.05 15.24 15.13 14.41 11.59 11.78 15.95 18.71 11.14 9.19 14.08 14.06 13.81 
18  16.76 17.1 20.02 20.17 20.94 18.79 20.4 14.85 11.59 8.43 7.11 11.23 21.98 20.27 22.64 25.14 25.13 5.28 0.0 23.21 29.55 18.44 17.53 17.24 15.13 13.42 18.52 21.07 11.93 11.15 13.72 15.71 16.28 
19  8.18 6.64 3.21 3.8 6.71 5.1 8.1 8.88 16.2 17.01 16.1 13.0 2.69 4.38 5.77 4.9 2.06 21.55 23.21 0.0 9.02 8.5 6.76 8.08 11.54 9.89 6.37 3.94 11.31 12.41 10.92 7.57 8.01 
20  16.9 12.71 11.01 12.68 15.68 11.14 17.09 14.81 24.66 24.87 22.68 18.36 8.36 13.37 6.91 4.69 7.34 29.05 29.55 9.02 0.0 17.49 15.42 16.9 20.3 17.38 15.25 12.96 17.98 19.96 15.87 15.26 16.52 
21  2.25 8.42 7.06 4.85 2.72 8.57 1.97 8.98 8.63 10.56 12.06 11.74 9.62 4.12 12.65 13.09 10.4 15.24 18.44 8.5 17.49 0.0 3.01 1.7 3.72 6.47 2.45 4.6 8.73 7.63 11.15 5.6 3.18 
22  1.49 5.41 4.5 3.01 3.96 5.65 4.29 6.13 9.44 10.47 10.66 9.33 7.18 2.81 9.97 10.83 8.81 15.13 17.53 6.76 15.42 3.01 0.0 1.62 4.88 4.38 1.11 3.6 6.55 6.38 8.39 2.8 1.32 
23  0.57 6.9 6.07 4.28 3.7 7.25 3.47 7.31 8.26 9.71 10.65 10.06 8.74 3.8 11.58 12.36 10.1 14.41 17.24 8.08 16.9 1.7 1.62 0.0 3.47 4.81 1.72 4.49 7.08 6.22 9.45 3.93 1.48 
24  3.4 9.33 9.35 7.74 6.44 10.11 5.51 8.94 4.92 6.96 9.33 10.4 12.04 7.26 14.67 15.7 13.56 11.59 15.13 11.54 20.3 3.72 4.88 3.47 0.0 5.41 5.19 7.92 7.35 5.22 10.63 6.01 3.88 
25  4.24 4.88 6.79 6.76 8.27 6.27 8.27 3.7 7.85 7.49 6.4 5.3 9.14 6.94 10.87 12.71 11.89 11.78 13.42 9.89 17.38 6.47 4.38 4.81 5.41 0.0 5.48 7.74 2.27 2.6 5.22 2.32 3.41 
26  1.95 6.19 4.62 2.58 2.86 6.16 3.34 7.13 9.97 11.27 11.72 10.43 7.21 2.08 10.21 10.76 8.38 15.95 18.52 6.37 15.25 2.45 1.11 1.72 5.19 5.48 0.0 2.8 7.66 7.39 9.42 3.87 2.25 
27  4.75 6.64 3.61 1.28 2.89 5.87 4.22 8.3 12.76 14.04 14.12 12.13 5.57 0.81 8.85 8.72 5.8 18.71 21.07 3.94 12.96 4.6 3.6 4.49 7.92 7.74 2.8 0.0 9.69 9.94 10.62 5.65 4.91 
28  6.51 5.28 8.1 8.6 10.48 6.94 10.54 3.24 8.7 7.44 4.84 3.09 10.08 8.92 11.18 13.41 13.21 11.14 11.93 11.31 17.98 8.73 6.55 7.08 7.35 2.27 7.66 9.69 0.0 2.85 3.67 4.05 5.66 
29  5.7 7.36 9.37 9.1 9.92 8.83 9.59 5.76 5.85 4.94 4.43 5.51 11.74 9.14 13.38 15.3 14.44 9.19 11.15 12.41 19.96 7.63 6.38 6.22 5.22 2.6 7.39 9.94 2.85 0.0 6.51 4.88 5.14 
30  8.93 4.3 7.87 9.36 12.24 5.85 12.68 2.33 12.36 10.9 7.18 2.5 8.94 9.97 8.96 11.63 12.49 14.08 13.72 10.92 15.87 11.15 8.39 9.45 10.63 5.22 9.42 10.62 3.67 6.51 0.0 5.59 7.98 
31  3.45 3.32 4.49 4.56 6.73 4.32 7.08 3.38 9.55 9.66 8.64 6.61 6.94 4.88 8.99 10.57 9.57 14.06 15.71 7.57 15.26 5.6 2.8 3.93 6.01 2.32 3.87 5.65 4.05 4.88 5.59 0.0 2.52 
32  0.95 5.67 5.52 4.3 4.89 6.26 4.88 5.87 8.22 9.16 9.49 8.61 8.2 4.12 10.79 11.88 10.06 13.81 16.28 8.01 16.52 3.18 1.32 1.48 3.88 3.41 2.25 4.91 5.66 5.14 7.98 2.52 0.0 
; 
